Printing the Transformation Matrix T_01
[[ 0.5       -0.8660254  0.         0.       ]
 [ 0.8660254  0.5        0.         0.       ]
 [ 0.         0.         1.         0.       ]
 [ 0.         0.         0.         1.       ]]
Printing the Transformation Matrix T_12
[[ 0.8660254  0.        -0.5        0.       ]
 [ 0.5        0.         0.8660254  0.       ]
 [ 0.        -1.         0.         0.       ]
 [ 0.         0.         0.         1.       ]]
Printing the Transformation Matrix T_23
[[ 0.8660254  -0.5         0.          4.33012702]
 [ 0.5         0.8660254   0.          2.5       ]
 [ 0.          0.          1.          5.        ]
 [ 0.          0.          0.          1.        ]]
Printing the Transformation Matrix T_34
[[ 0.5         0.         -0.8660254   2.5       ]
 [ 0.8660254   0.          0.5         4.33012702]
 [ 0.         -1.          0.          5.        ]
 [ 0.          0.          0.          1.        ]]
Printing the Transformation Matrix T_45
[[ 0.8660254  0.         0.5        0.       ]
 [ 0.5        0.        -0.8660254  0.       ]
 [ 0.         1.         0.         0.       ]
 [ 0.         0.         0.         1.       ]]
Printing the Transformation Matrix T_56
[[ 0.8660254  0.        -0.5        0.       ]
 [ 0.5        0.         0.8660254  0.       ]
 [ 0.        -1.         0.         0.       ]
 [ 0.         0.         0.         1.       ]]
Printing the Transformation Matrix T_06
[[  4.33012702e-01   8.66025404e-01  -2.50000000e-01  -1.00000000e+01]
 [ -5.00000000e-01  -3.03318571e-16  -8.66025404e-01   4.33012702e+00]
 [ -7.50000000e-01   5.00000000e-01   4.33012702e-01  -7.50000000e+00]
 [  0.00000000e+00   0.00000000e+00   0.00000000e+00   1.00000000e+00]]
Position Vector of end effector
[[-10.        ]
 [  4.33012702]
 [ -7.5       ]]
Rotation Matrix of end effector
[[  4.33012702e-01   8.66025404e-01  -2.50000000e-01]
 [ -5.00000000e-01  -3.03318571e-16  -8.66025404e-01]
 [ -7.50000000e-01   5.00000000e-01   4.33012702e-01]]